0.2778573784756621
0.544188254501092
0.8810107694308786
0.20600440303357806
0.5930324845229111
0.9311645531643938
0.45024933386611565
0.0708458023416836
0.16618158371837863
0.9599093751972755
0.5042608695046638
0.8040627820612803
0.47353475055879396
0.07538145988516202
0.686046229550666
0.1601001561221681
0.9212741437405547
0.7718619654335355
0.8384709107903584
0.86756445423766
0.1026610520110613
0.41114847456490267
0.9233937333584803
0.6331211459305837
0.185812819847421
0.7106693839453376
0.44756890817736533
0.24517412671912334
0.6698277746985666
0.4681862488032729
0.009840558581234513
0.7812607018388507
0.9496576135316465
0.13381868642203243
0.22821734624517734
0.8740655735023329
0.4777641432684348
0.4358019273712266
0.9180206718571219
0.23263999666657506
0.5659369636521417
0.5033162683170403
0.28508133551038134
0.9346844250562626
0.5437879362604944
0.7630352877027037
0.6889563126307793
0.4966131678770733
0.03820512924633265
0.46588499512554
0.015819915625669884
0.753950816306708
0.8317543086814757
0.743612635374991
0.2557754729164336
0.7033479237155982
0.16077897299803431
0.18737596911312965
0.9929845538430897
0.37957793990262356
0.8217438784272572
0.9688690726465901
0.8926558723624926
0.9578143081388617
0.5718486249060196
0.4370017011117982
0.6016025666040397
0.26172146942345925
0.15918626337523425
0.8627201847703367
0.9078543677459266
0.2190971516535968
0.5545618061410638
0.7384323521608875
0.7240663176094362
0.6928572989445666
0.9465246629456439
0.15424611921768214
0.5729872564549844
0.5685721725681229
0.4619255081046555
0.5866859753669119
0.574039313633096
0.3680950499216336
0.9428110900674108
0.10345511428700746
0.02370199198301109
0.22561857950548728
0.4968559064294999
0.6006204508693682
0.703481714249829
0.652148004556938
0.3306120082052984
0.0654100385218993
0.504962325408817
0.8631517114667716
0.9013456161401988
0.16047076434682234
0.8654251039206308
0.7295524486680965
0.6565321172672571
0.3583111692681762
0.1783460082867648
0.49497063707132183
0.38271219546416385
0.3627393991830582
0.583518055240983
0.7093587483972741
0.7565193797240614
0.161556709880186
0.5467684964604778
0.8852082792518549
0.8463085379220289
0.6451984088346603
0.04053367543629761
0.32538579568517423
0.4052314564837733
0.05081907264910808
0.8326337999537877
0.05231728708249128
0.10360570729947716
0.14024354969587605
0.9194740670576742
0.6295960332623854
0.6283200999689526
0.5104157749240665
0.5323721897199346
0.07728407477458059
0.9156198497941425
0.12551281078656756
0.06736299710361468
0.13248105405995955
0.6573196454748261
0.915006695695001
0.0008544284804297662
0.09977985087235039
0.9688091424617785
0.5873878979499787
0.92767377183253
0.4158421933343605
0.4793587047480622
0.5368680649983989
0.12478868513030543
0.9682896451865153
0.5443563309578339
0.7157156145747139
0.5360721128523374
0.3773034586062506
0.5075003968530806
0.2543868920941222
0.8373098067530252
0.3013367900518324
0.8851099643913596
0.9702172455125209
0.7869532108363582
0.7415477288239298
0.009619999427715749
0.7212258705381107
0.3272465248277271
0.8234950248474759
0.6305539689412162
0.19607350198027138
0.709465393586897
0.1783108742413465
0.1698298092272358
0.6001492396931184
0.6570829110027557
0.10895343712255665
0.7936340504140904
0.41241391007080563
0.4250073195913599
0.834668523290493
0.5292684016935091
0.9115695569392832
0.04545617561440378
0.6414300889034774
0.8368317245624739
0.005490529368449348
0.5010335744023096
0.5667472724263424
0.6830724488343766
0.051914817752635914
0.7324794285562874
0.3075007729644102
0.4163665656022617
0.5064641079592638
0.10674599754423308
0.23096780053292287
0.7939966273001617
0.3528826943712278
0.9434344356687807
0.17317690316200204
0.5774515982498051
0.9783334064457081
0.7568304482361017
0.15748364192513095
0.7789152453253597
0.7983181205241913
0.9929386613610189
0.7203033436199638
0.6067261483521282
0.737166137733289
0.11923606131116925
0.5601567913794906
0.04158154193676487
0.6792404839234321
0.6821187660687964
0.3108884821327294
0.8055605369152968
0.847697923300803
0.14065335877746582
0.23367526147744783
0.9582102934033293
0.7061216141992788
0.1511414323988198
0.43443971326082675
0.9960088633177443
0.12827715551333513
0.3317628195568008
0.6500795579842378
0.32138666102938784
0.8131385275813187
0.5157810820669211
0.49838850789416667
0.07587601937528199
0.6161188621684076
0.36115734757207657
0.09684494996099353
0.03020390759609943
0.11298380498486682
0.5067220688751358
0.24579093901992108
0.47961414003199176
0.3189655866727712
0.18990061488597185
0.1590961499850102
0.14833118204331908
0.15266694264885675
0.30157543803555276
0.9574267237276529
0.055621049867855966
0.6503407679722961
0.9915552437901135
0.0054979067137621036
0.7786069410178227
0.9581549485079373
0.14849046158912016
0.03599121404915472
0.9063127165764268
0.2824413360580026
0.8566287710085018
0.4322760226088196
0.8734818186446092
0.8161502651881257
0.5597301223508377
0.5760912487615294
0.8692880203399601
0.9520482283848364
0.37863836155633523
0.015516917772719121
0.33903708111076786
0.4866192247944028
0.8774510781455608
0.900054312434076
0.7201837466271874
0.8475142674443955
0.021466877469614676
0.49757378975759076
0.34101940519556817
0.8318473629190601
0.36833095705518176
0.3848623650372017
0.9493915978601262
0.6552195467355583
0.1278022526169751
0.9406286564742371
0.9682964723544673
0.5122034138811487
0.5974345279633652
0.0536709586390724
0.9544845216401552
0.07411197103717206
0.6641092708260089
0.29202468813668675
0.9271342407561385
0.09679212541720322
0.8051276905703492
0.12231006953271722
0.4508397084368479
0.48611051638170355
0.9065218496270611
0.32315705131836064
0.5628665693589666
0.2949696815246078
0.8544642297338927
0.17412236391726765
0.519328580970958
0.7095248646107275
0.718264686723036
0.32118233382787736
0.8857907828400526
0.7728483623254674
0.8351143352130685
0.6262875432725273
0.5124248201334262
0.20340697148705503
0.7516936384877156
0.12962866294319067
0.774690289358388
0.9722970732032071
0.21501757334412097
0.9909149546154579
0.7884871724158239
0.8174378057615252
0.5512310409402815
0.4407705853234194
0.05292248631255558
0.5416481116671581
0.6985921880890282
0.01559846798758722
0.7091175057286898
0.2259440024958422
0.5714244000316915
0.5899688530316112
0.29394509789968803
0.8948496674096142
0.7871230162262431
0.2664372970205882
0.9358199840448168
0.1799766534522376
0.5611434966001252
0.7331427454162455
0.4337419554890562
0.2997241985334361
0.0942119339011836
0.18527741726071958
0.5331027666583907
0.26836469892523585
0.2958173671473373
0.9048256358095762
0.052898626004857376
0.01366978331083084
0.4122091677020037
0.38328168684956276
0.3075388709786141
0.7426276286354204
0.25722921881177646
0.5461954074131199
0.1818668855058717
0.1303419156390529
0.18511443779813153
0.22903024668073918
0.28658589529612444
0.9957630361334441
0.9947688714365547
0.5243194916151503
0.8762649103316118
0.8274220305799013
0.8945385894805322
0.016460043252906502
0.8692033244704813
0.8915357008977521
0.15216307763220102
0.6058752916414015
0.07684376958210107
0.9047363766099635
0.7047336610435144
0.06870253299347275
0.565518777461996
0.985747747103956
0.3842202678032417
0.45016607327753133
0.6422356319298685
0.4627602551950322
0.554263067615416
0.9226850687808206
0.12264697793946033
0.8785629664649056
0.7973853426919935
0.8353634350451411
0.18140343751472784
0.10165583172904753
0.24956372519176795
0.013893309296038842
0.8764379440255202
0.5133460997883958
0.9917666053011932
0.801737990548707
0.08054893225107064
0.6507995664859838
0.8947631689880778
0.5774965683337109
0.729353611418512
0.3358487841563238
0.8847255382014986
0.7046726197071
0.09732888977245453
0.7600649445388452
0.53729539191201
0.4726770115813441
0.5911717916237943
0.14774240561429675
0.23299603272786223
0.6361937137281971
0.0794992462130626
0.35949477979286193
0.4055558611982208
0.03219998573140482
0.23214291565395245
0.4770993871784558
0.7812012705258907
0.1158684514193469
0.39793705407712143
0.9005160845560861
0.9209720240815072
0.7979360884013713
0.31612749521232497
0.5913551111371207
0.7486856335420536
0.809756518242099
0.21041047247082872
0.751667988190429
0.15813826679312454
0.9670815019067583
0.06533121015528646
0.43692876700154815
0.024593652594990956
0.5296394691870034
0.8807918327539606
0.19110317471858435
0.21975213593838883
0.8264778341329283
0.05656199794439332
0.6377845099629794
0.1581758984584772
0.34319778216275276
0.5089705363159686
0.8175057046186203
0.2886203064205827
0.713443167979601
0.9052306807348168
0.3268801420298194
0.9029898989492784
0.11635062655902033
0.09194715200023804
0.07760925991574921
0.765527886726925
0.8031551084469642
0.8552836941254693
0.5036781372428202
0.9310121505706893
0.14120320965195238
0.6172295073641589
0.9043591727987464
0.27840049398969324
0.18597078745935813
0.10051318602161793
0.8669910773000346
0.9894533584839635
0.5939051901144793
0.8378625451084067
0.34153743000785713
0.46347833436983266
0.2514628210362849
0.6998788374555153
0.23303079629735615
0.05812336649352161
0.5564459904232937
0.2889519165890316
0.418874689555826
0.5398798253860998
0.15642257703803952
0.07343645966989307
0.47567700493263093
0.7825903802972558
0.8962152863271756
0.21485299277192035
0.7045465212929207
0.38709012151850597
0.6149159377696471
0.6500486209717338
0.23630983970913058
0.3543785947453833
0.5462716507845601
0.3413860596027967
0.2096248470859919
0.20560047637788617
0.4240280936711083
0.6794043101345408
0.7128719294817166
0.23487632326361543
0.31113494432105504
0.6922270560191401
0.3853744078295112
0.4110005124806853
0.2521838512966654
0.6914862874156639
0.6669625738462317
0.9502821083690483
0.6788796530145168
0.20906337854499896
0.42323067863025904
0.5453658908633625
0.5001141723434037
0.3059664144300208
0.3342508640170501
0.7671388819146429
0.021294675303933783
0.5812345052980199
0.8337952819373726
0.24537112716523116
0.05240820545322554
0.744086860976909
0.7149539119853003
0.2478403840348759
0.16610520665088913
0.08339819803594764
0.26303875813292793
0.01749754370807361
0.1969572274190924
0.20873390343002846
0.49642692017267703
0.4880764657489493
0.770134332337381
0.36731654459844054
0.08297000158642895
0.48662879862239083
0.5746567760406985
0.5688341504212927
0.23763597932653746
0.4544635767961449
0.1448870792897185
0.8196579276774334
0.1786189066251485
0.6424013084075577
0.34471072660057167
0.7690902000693194
0.05526925867297967
0.20173213122624487
0.06092032069573397
0.16634564777624633
0.4808522850846642
0.5850656111302468
0.2748871252695389
0.17139848788931808
0.4654080445255589
0.16534040662289878
0.2548311074587519
0.0997119834002753
0.7257335744733312
0.54880562139689
0.47704213124113787
0.7223259726563391
0.18908182857285225
0.1764065515398941
0.6359138080253561
0.15234137668092831
0.18876944897577466
0.5751960218769934
0.1833380450085578
0.3808284412245325
0.9928264091460149
0.8340370969744464
0.7137646108235053
0.2531098738080097
0.3259747025172934
0.3708015568594938
0.5219208494656807
0.8279331340712933
0.9627636805622972
0.8315955373591284
0.5709720511993356
0.9517198622451479
0.8597940563529068
0.5170687333277192
0.690786685483763
0.7472949806129648
0.9604039179524891
0.31103813384526735
0.6665632230591674
0.8509858521004234
0.795192877991434
0.19489264924526692
0.2830934031397324
0.37363336774277833
0.11119581402198117
0.7327055420801734
0.12448872670501542
0.24438045682452883
0.037578023760091825
0.2176208946299684
0.008244202773498598
0.7438153611327031
0.12118321853008036
0.9559108471891227
0.042436562405698514
0.4095744187576147
0.765467733689816
0.06921227968254791
0.07050794451319993
0.40572038321273707
0.25980506721004254
0.626657807635343
0.0164778390991845
0.48661781053733616
0.14677224813208037
0.12893872142524865
0.661285275309967
0.8432431196142154
0.6358428406945159
0.6590480954059327
0.8443858021353834
0.96232491304711
0.9184375371634806
0.8852652798186413
0.930268572831257
0.3105908795617432
0.015371447021934116
0.5684720892329496
0.3015373878109742
0.6519799416323419
0.8464972127223821
0.24305328538562423
0.3643003437959095
0.5108067698660592
0.7782881586378705
0.47430088860419084
0.7738329260143618
0.889567705135697
0.32069103069956323
0.11330613645556076
0.36459627432514397
0.40565977869854136
0.22540398086815014
0.27988780889999365
0.5573847551553751
0.8902476195240038
0.032554425421513204
0.7391346835998405
0.3622057113855048
0.7653540188051312
0.9669270038059326
0.4031754678142209
0.05438710493788145
0.15418280934751594
0.1674115416967404
0.6881137933843707
0.631455892443939
0.5036790236030163
0.1973929215654289
0.17421515762706072
0.2131136440529466
0.5041733354486503
0.9545543902062869
0.4053118071766105
0.2317326196512878
0.17466797738399528
0.190559935838083
0.24021644299403738
0.23065396785897954
0.25482350761796346
0.26540294848966683
0.9487656490542384
0.4410011235274593
0.09816103766845134
0.1945512675675821
0.3684482265089236
0.4982567249206099
0.27416438112878655
0.8648028639703433
0.25519086278395026
0.059595773174862074
0.8499723322213234
0.8668021184983209
0.967459206075393
0.5096008883576196
0.44795681410103316
0.16196780079943893
0.7900743359599787
0.2936316651420132
0.20564423435272677
0.31533155063199053
0.5708735175987069
0.08847030371798782
0.3834239379398857
0.014633862316681467
0.23067605722026813
0.805953834983142
0.2502252786555033
0.9799042141628017
0.6566252802784243
0.140411240434333
0.09023560099554022
0.5044368595581049
0.05313664295798679
0.8644975020873399
0.1974944069153527
0.024448407560762764
0.3063567318282223
0.7323451425358672
0.6442357776417199
0.732886198932701
0.5573967437253609
0.5744005167927827
0.9328298299263506
0.2219909487458744
0.06438402817350299
0.41163344880639435
0.6230269045097507
0.47709486819830565
0.8435950996560896
0.2715220428953267
0.5159702789268851
0.01905736645525179
0.6394286771906762
0.6011241480579659
0.5116425407864958
0.893099490838721
0.9945271026249275
0.38139140294668383
0.9188107010724058
0.07294195987860157
0.0035179962134392587
0.15022032101813618
0.8311562247667066
0.9806097007590729
0.10031117966380212
0.5641174209045181
0.3326407359588933
0.3088540158147889
0.5927762783378617
0.39444117377565124
0.46631403173223934
0.19642900869218807
0.264907225981613
0.7950320893913176
0.7053160357282672
0.8490014655043993
0.1922145630634285
0.20225011302721269
0.23683123479807186
0.6349652079433253
0.6487746333199337
0.0994803706686472
0.009304739232628157
0.14486352380242729
0.07388443007319039
0.6894032466615926
0.9097437538449228
0.5010474290639502
0.6448963896007053
0.14912071219745346
0.1996998800399479
0.9471538808626225
0.6800652129973954
0.1191279439624183
0.9768253821639529
0.9218464152232075
0.939628556690686
0.3087374755827048
0.5179410941915482
0.9902224165511362
0.6261975284964817
0.53717867432621
0.5771230709154895
0.47623564910250976
0.948532492828338
0.7858345814168781
0.5864922498402206
0.935976990580749
0.9635738134361843
0.11949603209754672
0.03284544603510061
0.16608058747185775
0.49413415802727906
0.49553371664480267
0.7399260980578062
0.749768530543046
0.1583402128669455
0.010471593894373769
0.32232916180918164
0.9665236012003313
0.9905658172551799
0.1342326587030721
0.5765495040712075
0.386607685298431
0.3288257735745074
0.4239481032940039
0.17283055730891497
0.6862405825540184
0.6386259187000678
0.12144745027048084
0.1994271435238346
0.6901892928707185
0.7690431390325341
0.174728235855413
0.9316513175460894
0.6916880773241707
0.17397762724588012
0.033457599961140456
0.27630220630586305
0.9273108436559384
0.5315657188562256
0.1894014095567497
0.4151880951640338
0.4526920399861411
0.11026677568551266
0.504524948096893
0.5195045632583328
0.05333572615734204
0.2747022197604657
0.43651018682677156
0.8285076965486131
0.4783506413044138
0.8115295236042551
0.9808144706196406
0.8032773068538817
0.37313814971361203
0.3131357629968521
0.15958458084713273
0.10191102792429363
0.613327862044166
0.9235625314636438
0.6006414280848525
0.9283924302048664
0.23593199464094966
0.37192446568931903
0.11436140190220066
0.47076252025642096
0.5834166261668317
0.2891689709110269
0.3629114650401265
0.26386598506495457
0.25098944054852107
0.9924402600276575
0.23943518750636325
0.1766544110160355
0.29730091002664427
0.008906909604472862
0.4001307874751421
0.9271198058858657
0.8444926003287556
0.5641364211081352
0.07787028582843855
0.4341608207755664
0.5243661241591608
0.24386305915851228
0.18759822480246766
0.34799213876800705
0.70965984952367
0.9349680659089327
0.8996357659326071
0.03760948745592078
0.21503261695613138
0.9579867736338991
0.7827111429694549
0.7683638899002512
0.7319910629805101
0.37882847599781894
0.13949283139039909
0.24552222370865193
0.7389354890387094
0.9966464809479152
0.5393153512953199
0.9532055930544154
0.07428063331641939
0.45948706287699714
0.6484683479089717
0.6696472405663878
0.038157990259796534
0.4312575353191848
0.7367275458579752
0.4830908784493071
0.2878924546847831
0.9829030012784132
0.028979498988070188
0.1409960109156358
0.9586704524971951
0.4665269004672324
0.6810770867693093
0.5048677174757931
0.8883097718888612
0.03840740493219158
0.6514296262738746
0.19613460617657685
0.026800594196109636
0.31535354935121857
0.2518934422182323
0.34508373615138205
0.2426917755218995
0.8160851199646592
0.805632448907686
0.8984725855539116
0.4828591553669005
0.4055287418019296
0.38977036212473987
0.4778960497812883
0.273904814228339
0.7843995638572626
0.4407729691174438
0.492468171596262
0.9231163974453779
0.7570306563814033
0.12839583619237227
0.28196747228814045
0.8999288333101546
0.8586679628297144
0.2663927626384896
0.2705796894102145
0.9535171572519529
0.223710340396346
0.08762188815069756
0.8962600222463059
0.12150668499115319
0.30679176032012717
0.5588891886260742
0.1309882448315039
0.9777236675869807
0.34921146242279805
0.09887913711389508
0.76477505477114
0.06674094165899182
0.05262085043922614
0.29598810475951265
0.5895421859642034
0.3401736554867314
0.9872674089991662
0.3892892905223321
0.8554342622079406
0.40090404942829766
0.7006359296550498
0.6274496104513645
0.5106761067454675
0.9319634696093926
0.5339248318939852
0.7756921909043442
0.41105233603786734
0.10431269582993834
0.3669480539302582
0.6791128237629392
0.13450155785201168
0.19422755139452447
0.9683171306597873
0.5730547804708979
0.5667924398636252
0.46961347251625946
0.6425793569629507
0.4641297390220712
0.26175340771452593
0.004604050219980747
0.6886542602782828
0.7229642458405996
0.672618236290931
0.7105856662297841
0.08671712246813881
0.8588423328823157
0.5597103248040234
0.6543262555962663
0.8933812136861906
0.8425498550254511
0.4083047059939029
0.7443231303757301
0.5719544249540476
0.7217603507333504
0.37878199472156093
0.8940734516855947
0.6371368439601298
0.3006371712575793
0.09923904218961029
0.8409176818622695
0.33807120606651236
0.8346366229767654
0.6868249632977603
0.03565034683094356
0.347076288786238
0.10647206853054272
0.32541185244927623
0.6932167222047663
0.524376839694566
0.7014837791144338
0.658948029001155
0.08818352445301018
0.6307059194309209
0.6644332805352344
0.42766251393706056
0.6779304432269178
0.6407775212335199
0.9038398311870389
0.3447829111202184
0.8715322001051932
0.8064389459113526
0.48631387113778807
0.044254908657780055
0.16915551398356313
0.3595885743363597
0.35357949223645835
0.24232377963650495
0.9237572228201539
0.47531118344298035
0.7364967029811752
